res1 = 1.0000000001-1
res2 = 1.00000000001-1
res3 = 1.000000000001-1
res4 = 1.0000000000001-1

% Gleitkommazahlen lassen sich irgendwann nicht mehr darstellen und dann
% muss gerundet werden