%23400 + 3 + 4 = 2340
%3 + 4 + 23400 = 2341

a = 5.5555555555555555 * 10^15;
b = 0.4;
c = 0.3;

d = a + b + c
e = d - a
d = b + c + a
e = d - a